0
SECTION
2
HEADER
9
$INSUNITS
70
4
9
$ACADVER
1
AC1014
9
$HANDSEED
5
FFFF
0
ENDSEC
0
SECTION
2
TABLES
0
TABLE
2
VPORT
5
8
100
AcDbSymbolTable
0
ENDTAB
0
TABLE
2
LTYPE
5
5
100
AcDbSymbolTable
0
LTYPE
5
14
100
AcDbSymbolTableRecord
100
AcDbLinetypeTableRecord
2
BYBLOCK
70
0
0
LTYPE
5
15
100
AcDbSymbolTableRecord
100
AcDbLinetypeTableRecord
2
BYLAYER
70
0
0
ENDTAB
0
TABLE
2
LAYER
5
2
100
AcDbSymbolTable
70
2
0
LAYER
5
50
100
AcDbSymbolTableRecord
100
AcDbLayerTableRecord
2
0
70
0
6
CONTINUOUS
0
ENDTAB
0
TABLE
2
STYLE
5
3
100
AcDbSymbolTable
70
1
0
STYLE
5
11
100
AcDbSymbolTableRecord
100
AcDbTextStyleTableRecord
2
STANDARD
70
0
0
ENDTAB
0
TABLE
2
VIEW
5
6
100
AcDbSymbolTable
70
0
0
ENDTAB
0
TABLE
2
UCS
5
7
100
AcDbSymbolTable
70
0
0
ENDTAB
0
TABLE
2
APPID
5
9
100
AcDbSymbolTable
70
2
0
APPID
5
12
100
AcDbSymbolTableRecord
100
AcDbRegAppTableRecord
2
ACAD
70
0
0
ENDTAB
0
TABLE
2
DIMSTYLE
5
A
100
AcDbSymbolTable
70
1
0
ENDTAB
0
TABLE
2
BLOCK_RECORD
5
1
100
AcDbSymbolTable
70
1
0
BLOCK_RECORD
5
1F
100
AcDbSymbolTableRecord
100
AcDbBlockTableRecord
2
*MODEL_SPACE
0
BLOCK_RECORD
5
1B
100
AcDbSymbolTableRecord
100
AcDbBlockTableRecord
2
*PAPER_SPACE
0
ENDTAB
0
ENDSEC
0
SECTION
2
BLOCKS
0
BLOCK
5
20
100
AcDbEntity
100
AcDbBlockBegin
2
*MODEL_SPACE
0
ENDBLK
5
21
100
AcDbEntity
100
AcDbBlockEnd
0
BLOCK
5
1C
100
AcDbEntity
100
AcDbBlockBegin
2
*PAPER_SPACE
0
ENDBLK
5
1D
100
AcDbEntity
100
AcDbBlockEnd
0
ENDSEC
0
SECTION
2
ENTITIES
0
LWPOLYLINE
5
100
100
AcDbEntity
8
0
100
AcDbPolyline
90
4
70
1
43
0.0
10
-32.740598271284291
20
31.069056288883381
10
-25.980510504917234
20
41.583390000108942
10
-18.830763581283843
20
36.986530318979348
10
-25.590851347650908
20
26.472196607753776
0
LWPOLYLINE
5
101
100
AcDbEntity
8
0
100
AcDbPolyline
90
4
70
1
43
0.0
10
-16.220392723337007
20
44.870931126007449
10
-4.0000000596046448
20
47.5
10
-2.2122332252897059
20
39.190132988662
10
-14.432625889022074
20
36.561064114669442
0
LWPOLYLINE
5
102
100
AcDbEntity
8
0
100
AcDbPolyline
90
4
70
1
43
0.0
10
14.43262588902207
20
36.561064114669428
10
2.2122332252897059
20
39.190132988662
10
4.0000000596046448
20
47.5
10
16.220392723337007
20
44.870931126007463
0
LWPOLYLINE
5
103
100
AcDbEntity
8
0
100
AcDbPolyline
90
4
70
1
43
0.0
10
25.590851347650908
20
26.47219660775378
10
18.830763581283843
20
36.986530318979348
10
25.980510504917234
20
41.583390000108942
10
32.740598271284291
20
31.069056288883381
0
LINE
5
104
100
AcDbEntity
8
0
100
AcDbLine
10
14.999999999999998
20
30.000000000000004
30
0
11
3.4999999999999987
21
30.000000000000004
31
0
0
CIRCLE
5
105
100
AcDbEntity
8
0
100
AcDbCircle
10
-32.875000000000036
20
-23.52499999999997
30
0
40
1.100000000000003
210
0
220
0
230
1
0
LINE
5
106
100
AcDbEntity
8
0
100
AcDbLine
10
-35.000000000000043
20
-21.399999999999977
30
0
11
-30.750000000000032
21
-21.399999999999963
31
0
0
LWPOLYLINE
5
107
100
AcDbEntity
8
0
100
AcDbPolyline
90
8
70
1
43
0.0
10
-50
20
25
42
-0.5
10
50
20
24.999999999999993
10
50
20
-12.5
10
35
20
-12.5
10
35.000000000000007
20
-50
10
-35.000000000000007
20
-50
10
-35
20
-12.5
10
-50
20
-12.5
0
LINE
5
108
100
AcDbEntity
8
0
100
AcDbLine
10
-30.750000000000028
20
-23.205607966083829
30
0
11
-30.750000000000032
21
-21.399999999999963
31
0
0
LINE
5
109
100
AcDbEntity
8
0
100
AcDbLine
10
-30.750000000000032
20
-21.399999999999963
30
0
11
-30.750000000000028
21
-23.205607966083829
31
0
0
ARC
5
110
100
AcDbEntity
8
0
100
AcDbCircle
10
-29.250000000000021
20
-24.14999999999997
30
0
40
1.5000000000000036
210
0
220
0
230
1
100
AcDbArc
50
180
51
270.00000000000023
0
ARC
5
111
100
AcDbEntity
8
0
100
AcDbCircle
10
-29.250000000000021
20
-24.14999999999997
30
0
40
1.5000000000000036
210
0
220
0
230
1
100
AcDbArc
50
180
51
270.00000000000023
0
LINE
5
112
100
AcDbEntity
8
0
100
AcDbLine
10
-34.999999999999993
20
-43.600000000000051
30
0
11
-30.749999999999975
21
-43.600000000000037
31
0
0
CIRCLE
5
113
100
AcDbEntity
8
0
100
AcDbCircle
10
-32.874999999999986
20
-41.475000000000037
30
0
40
1.100000000000003
210
0
220
0
230
1
0
LINE
5
114
100
AcDbEntity
8
0
100
AcDbLine
10
-30.749999999999975
20
-41.794392033916161
30
0
11
-30.749999999999972
21
-43.60000000000003
31
0
0
ARC
5
115
100
AcDbEntity
8
0
100
AcDbCircle
10
-29.249999999999975
20
-40.850000000000023
30
0
40
1.5000000000000036
210
0
220
-0
230
1
100
AcDbArc
50
90
51
180
0
LINE
5
116
100
AcDbEntity
8
0
100
AcDbLine
10
-29.250000000000014
20
-25.649999999999974
30
0
11
-10.999999999999474
21
-25.649999999999974
31
0
0
LINE
5
117
100
AcDbEntity
8
0
100
AcDbLine
10
-10.999999999999474
20
-25.649999999999974
30
0
11
-11.000000000000014
21
-39.350000000000023
31
0
0
LINE
5
118
100
AcDbEntity
8
0
100
AcDbLine
10
-29.249999999999975
20
-39.350000000000023
30
0
11
-11.000000000000014
21
-39.350000000000023
31
0
0
LWPOLYLINE
5
119
100
AcDbEntity
8
0
100
AcDbPolyline
90
8
70
1
43
0.0
10
-2.4999999999999978
20
29.000000000000014
10
-2.4999999999999991
20
-18.999999999999993
42
-0.41421356237309342
10
-3.4999999999999987
20
-19.999999999999996
10
-14.999999999999998
20
-19.999999999999993
42
-0.41421356237309309
10
-15.999999999999998
20
-18.999999999999993
10
-15.999999999999998
20
29.000000000000004
42
-0.4142135623730957
10
-14.999999999999996
20
30.000000000000004
10
-3.4999999999999973
20
30.000000000000004
42
-0.41421356237309437
0
LINE
5
120
100
AcDbEntity
8
0
100
AcDbLine
10
2.4999999999999978
20
29.000000000000007
30
0
11
2.4999999999999978
21
-19
31
0
0
LINE
5
121
100
AcDbEntity
8
0
100
AcDbLine
10
15.999999999999998
20
-18.999999999999989
30
0
11
15.999999999999998
21
29
31
0
0
LINE
5
122
100
AcDbEntity
8
0
100
AcDbLine
10
3.4999999999999982
20
-19.999999999999993
30
0
11
14.999999999999998
21
-19.999999999999993
31
0
0
LINE
5
123
100
AcDbEntity
8
0
100
AcDbLine
10
3.4999999999999982
20
-19.999999999999996
30
0
11
14.999999999999998
21
-19.999999999999993
31
0
0
ARC
5
124
100
AcDbEntity
8
0
100
AcDbCircle
10
3.4999999999999991
20
-18.999999999999993
30
0
40
1.0000000000000013
210
0
220
0
230
1
100
AcDbArc
50
180
51
269.99999999999994
0
ARC
5
125
100
AcDbEntity
8
0
100
AcDbCircle
10
15
20
-18.999999999999989
30
0
40
1.0000000000000009
210
0
220
0
230
1
100
AcDbArc
50
-90.000000000000099
51
0
0
ARC
5
126
100
AcDbEntity
8
0
100
AcDbCircle
10
3.5000000000000027
20
29.000000000000004
30
0
40
1.0000000000000053
210
0
220
0
230
1
100
AcDbArc
50
90.000000000000256
51
180
0
ARC
5
127
100
AcDbEntity
8
0
100
AcDbCircle
10
14.999999999999998
20
29.000000000000004
30
0
40
1.0000000000000009
210
0
220
0
230
1
100
AcDbArc
50
0
51
90
0
LINE
5
128
100
AcDbEntity
8
0
100
AcDbLine
10
-30.750000000000025
20
-24.149999999999974
30
0
11
-30.750000000000028
21
-23.205607966083829
31
0
0
LINE
5
129
100
AcDbEntity
8
0
100
AcDbLine
10
-30.749999999999979
20
-40.850000000000023
30
0
11
-30.749999999999975
21
-41.794392033916161
31
0
0
LINE
5
130
100
AcDbEntity
8
0
100
AcDbLine
10
0
20
2.5
30
0
11
0
21
20
31
0
0
LINE
5
131
100
AcDbEntity
8
0
100
AcDbLine
10
35.000000000000043
20
-21.399999999999977
30
0
11
30.750000000000032
21
-21.399999999999963
31
0
0
CIRCLE
5
132
100
AcDbEntity
8
0
100
AcDbCircle
10
32.875000000000036
20
-23.52499999999997
30
0
40
1.100000000000003
210
0
220
0
230
1
0
LINE
5
133
100
AcDbEntity
8
0
100
AcDbLine
10
30.750000000000032
20
-21.399999999999963
30
0
11
30.750000000000028
21
-23.205607966083829
31
0
0
LINE
5
134
100
AcDbEntity
8
0
100
AcDbLine
10
30.750000000000025
20
-24.149999999999974
30
0
11
30.750000000000028
21
-23.205607966083829
31
0
0
ARC
5
135
100
AcDbEntity
8
0
100
AcDbCircle
10
29.250000000000021
20
-24.14999999999997
30
0
40
1.5000000000000036
210
0
220
0
230
1
100
AcDbArc
50
269.99999999999972
51
360
0
LINE
5
136
100
AcDbEntity
8
0
100
AcDbLine
10
29.250000000000014
20
-25.649999999999974
30
0
11
10.999999999999474
21
-25.649999999999974
31
0
0
LINE
5
137
100
AcDbEntity
8
0
100
AcDbLine
10
10.999999999999474
20
-25.649999999999974
30
0
11
11.000000000000014
21
-39.350000000000023
31
0
0
LINE
5
138
100
AcDbEntity
8
0
100
AcDbLine
10
29.249999999999975
20
-39.350000000000023
30
0
11
11.000000000000014
21
-39.350000000000023
31
0
0
LINE
5
139
100
AcDbEntity
8
0
100
AcDbLine
10
34.999999999999993
20
-43.600000000000051
30
0
11
30.749999999999975
21
-43.600000000000037
31
0
0
CIRCLE
5
140
100
AcDbEntity
8
0
100
AcDbCircle
10
32.874999999999986
20
-41.475000000000037
30
0
40
1.100000000000003
210
0
220
0
230
1
0
LINE
5
141
100
AcDbEntity
8
0
100
AcDbLine
10
30.749999999999975
20
-41.794392033916161
30
0
11
30.749999999999972
21
-43.60000000000003
31
0
0
LINE
5
142
100
AcDbEntity
8
0
100
AcDbLine
10
30.749999999999979
20
-40.850000000000023
30
0
11
30.749999999999975
21
-41.794392033916161
31
0
0
ARC
5
143
100
AcDbEntity
8
0
100
AcDbCircle
10
29.249999999999975
20
-40.850000000000023
30
0
40
1.5000000000000036
210
0
220
-0
230
1
100
AcDbArc
50
0
51
90
0
LINE
5
144
100
AcDbEntity
8
0
100
AcDbLine
10
-29.360554388100777
20
36.326223144496183
30
0
11
-149.55833770743081
21
147.39154169504636
31
0
0
LINE
5
145
100
AcDbEntity
8
0
100
AcDbLine
10
-29.360554388100777
20
36.326223144496183
30
0
11
-164.92721914235005
21
123.48748101421259
31
0
0
LINE
5
146
100
AcDbEntity
8
0
100
AcDbLine
10
-29.360554388100773
20
36.326223144496161
30
0
11
-180.2961005772693
21
99.583420333378797
31
0
0
LINE
5
147
100
AcDbEntity
8
0
100
AcDbLine
10
-10.110196391470826
20
46.185465563003717
30
0
11
-15.326465719019023
21
185.68628140305609
31
0
0
LINE
5
148
100
AcDbEntity
8
0
100
AcDbLine
10
-10.110196391470826
20
46.185465563003717
30
0
11
-39.025220466640675
21
180.58778251076876
31
0
0
LINE
5
149
100
AcDbEntity
8
0
100
AcDbLine
10
-10.110196391470822
20
46.185465563003731
30
0
11
-62.723975214262346
21
175.48928361848141
31
0
0
LINE
5
150
100
AcDbEntity
8
0
100
AcDbLine
10
29.360554388100773
20
36.326223144496161
30
0
11
180.2961005772693
21
99.583420333378797
31
0
0
LINE
5
151
100
AcDbEntity
8
0
100
AcDbLine
10
29.360554388100777
20
36.326223144496183
30
0
11
164.92721914235005
21
123.48748101421259
31
0
0
LINE
5
152
100
AcDbEntity
8
0
100
AcDbLine
10
29.360554388100777
20
36.326223144496183
30
0
11
149.55833770743081
21
147.39154169504636
31
0
0
LINE
5
153
100
AcDbEntity
8
0
100
AcDbLine
10
10.110196391470822
20
46.185465563003731
30
0
11
62.723975214262346
21
175.48928361848141
31
0
0
LINE
5
154
100
AcDbEntity
8
0
100
AcDbLine
10
10.110196391470826
20
46.185465563003717
30
0
11
39.025220466640675
21
180.58778251076876
31
0
0
LINE
5
155
100
AcDbEntity
8
0
100
AcDbLine
10
10.110196391470826
20
46.185465563003717
30
0
11
15.326465719019023
21
185.68628140305609
31
0
0
ENDSEC
0
SECTION
2
OBJECTS
0
DICTIONARY
5
C
100
AcDbDictionary
3
ACAD_GROUP
350
D
3
ACAD_MLINESTYLE
350
17
0
DICTIONARY
5
D
100
AcDbDictionary
0
DICTIONARY
5
1A
330
C
100
AcDbDictionary
0
DICTIONARY
5
17
100
AcDbDictionary
0
ENDSEC
0
EOF
